000.0110000
110.1000000
110.1010000
000.1100000
111.0000000
001.1010000
111.1010000
001.0100000
000.1110000
001.0100000
000.1110000
111.1000000
000.1100000
111.1110000
111.1110000
111.0010000
111.1110000
111.0010000
111.0010000
000.1100000
110.1100000
001.0110000
111.1000000
001.1000000
111.1010000
110.1100000
000.1100000
111.1000000
111.1110000
110.1010000
000.1010000
000.0110000
000.0000000
111.0110000
000.0000000
110.0110000
111.0000000
111.0110000
111.0110000
000.0110000
111.1000000
001.1000000
111.1100000
001.0110000
000.0000000
001.1000000
110.1110000
000.1010000
110.1000000
110.1110000
000.0110000
111.0000000
000.0000000
000.1000000
111.0010000
111.0110000
001.0110000
000.0100000
000.0110000
111.1010000
001.1110000
110.0100000
001.0010000
110.1110000
111.1100000
111.0000000
111.0110000
111.1000000
001.1100000
001.0110000
000.1100000
001.1010000
001.1010000
111.0010000
110.1000000
111.0100000
001.1000000
000.1000000
001.0010000
111.1010000
001.1000000
000.1110000
000.0110000
000.1000000
111.1100000
111.0110000
111.1000000
110.1100000
111.1010000
110.1110000
110.0100000
001.0000000
111.1000000
000.0000000
110.0100000
000.1010000
111.0110000
111.1010000
111.1100000
111.1000000
111.1000000
111.0000000
000.1010000
110.1100000
110.1110000
111.0110000
001.0010000
001.1000000
110.1000000
000.0010000
111.1110000
110.1010000
111.0100000
000.0110000
111.1010000
001.0100000
000.1100000
001.1110000
000.1000000
001.1110000
111.1010000
000.1000000
001.0000000
110.1000000
111.0000000
110.0110000
000.1010000
110.0010000
110.1100000
000.0000000
110.1100000
111.1100000
110.1110000
001.0100000
000.0010000
110.0100000
110.1100000
110.1110000
001.0010000
000.0000000
111.1000000
111.1000000
000.0110000
001.1110000
000.1010000
001.1100000
000.0010000
110.0100000
111.1110000
000.1100000
001.1110000
110.1100000
000.1100000
110.0010000
001.1010000
000.1110000
001.1000000
110.0110000
110.1100000
110.1000000
110.0110000
111.1010000
000.0000000
001.1110000
000.1110000
111.0000000
000.0010000
001.1100000
001.1100000
000.1100000
111.0100000
000.1100000
110.0110000
110.1110000
110.0010000
110.1000000
110.1010000
000.1110000
001.0110000
000.1000000
111.1100000
000.1010000
000.0010000
000.0100000
001.1100000
000.0000000
001.1010000
001.0000000
110.0100000
110.1000000
111.0000000
111.0000000
111.0100000
110.0100000
000.0100000
110.1010000
110.1010000
111.0100000
111.1010000
000.1000000
110.1100100
010.1101100
001.0001000
010.0110100
101.0101000
111.0010000
000.1100000
101.0110100
101.0011000
010.1101100
010.1110100
110.1101100
001.1011100
111.0011000
110.1110100
101.0010100
101.1001100
100.0111100
001.1011100
100.1111000
001.1000000
101.1000100
000.1111100
010.0000000
011.1101100
010.0101000
101.0010100
010.1001000
101.0110000
111.0101100
000.1001000
101.0010100
100.0001100
100.0111100
001.1010100
010.1111000
001.0011000
000.1110100
011.0111000
000.0000100
011.1100000
011.0001100
110.0011100
110.1111000
100.0001100
111.1000000
111.0101100
110.1001100
010.0101100
100.1001100
000.0011000
000.0110100
110.1010000
100.1011000
001.1100100
011.0101000
111.1100100
011.0000100
000.1000000
100.1101100
011.1011100
001.1101100
111.1011000
110.1111100
111.1110100
110.0011000
111.0110000
010.1111000
101.0001000
010.1111100
000.0111000
010.1000100
111.0100100
001.0111000
011.0000100
111.0101100
000.1111000
011.0010100
000.0001000
010.0110000
011.0111100
011.0011000
010.1001100
100.1110000
100.1010100
111.1111100
001.0101000
101.0000000
011.0000000
101.0001100
100.1011000
110.0111000
010.1110000
001.1011100
111.0100000
001.1011000
110.0000100
111.1110100
011.1111100
010.1101000
101.0001000
011.0111100
001.0101100
111.1111000
011.1111000
001.1111100
111.0111100
001.1100000
100.0010100
110.1011100
011.1001100
001.1101100
111.1110000
001.1111100
101.0101100
001.0111100
000.1001100
011.1001000
011.1101000
011.1100000
001.0010100
101.0101100
001.1001100
101.1000100
110.1010100
001.0101000
100.0011000
011.0110000
011.1010000
100.0111000
000.1110000
000.0100100
110.0100000
000.1111000
001.0111100
110.1010100
001.0110000
010.0111000
111.1010000
011.0001000
111.1000000
100.1000100
100.1101000
010.0111100
111.1010100
100.0011100
001.0110000
110.0001100
000.0000000
001.0101100
000.1011000
110.1000000
011.0111000
010.1110000
100.0110000
011.0101100
011.0010100
110.0010000
001.1000000
111.0100000
000.1100000
111.1010100
011.0001000
010.1001000
001.0011100
100.0010100
001.0110100
111.1010100
010.1100000
000.1011000
110.1100000
110.0000000
000.1001000
100.1111000
100.0111000
011.0110000
101.0001000
010.0110000
111.0010100
001.1001000
000.1101000
000.1000000
010.1000100
000.0011000
101.0011100
001.1000100
100.0011000
001.0101000
100.0100000
101.0111100
001.1000100
001.0110100
111.1011000
110.0010000
010.0111000
111.0011000
111.0010100
101.1001100
110.0111000
010.1001000
111.1110010
111.1010100
111.1011110
000.1101010
111.1010000
000.1111010
000.1111000
111.0101000
000.0001000
111.0111000
000.0100010
111.0010110
111.0011000
111.1000010
000.1100010
000.1000110
000.0101100
111.0001010
111.1001010
000.1011000
000.1111000
000.1010100
000.1001000
111.0011010
000.0100100
000.1100010
111.1111010
000.0101100
000.0011110
000.0110000
111.1111000
000.0101110
111.0110110
111.0010000
000.1111100
000.1111000
000.0111110
000.1110110
111.0110100
111.0101000
000.1111010
111.0011110
000.0010010
111.1010000
000.0000110
111.0100010
000.0110010
000.1011100
111.1001010
111.1110010
111.0100000
111.0101000
000.1111100
000.0011100
111.0111100
000.0100010
111.1111110
111.0011100
111.0011000
111.1010010
000.0101100
000.1010100
000.0110110
111.0000100
111.0001100
111.1110110
000.0100010
111.0111010
000.1010000
111.1110110
111.0110100
111.1010000
111.0010010
000.0011100
000.0001110
111.0001100
111.1110100
111.0100100
111.1011100
111.1000010
000.0010100
111.1101100
000.0110110
000.0001100
111.0111100
111.1111110
000.1111100
111.0001100
111.0010010
000.0100110
111.1011000
111.0100100
000.1010010
111.1111000
000.1000110
000.1101110
111.1000010
111.1011100
111.1100000
111.0111110
111.0110010
111.0010010
111.0100100
000.1001100
000.0101010
000.0001000
111.0000110
111.0010010
111.1011010
111.1100010
111.1101110
000.1100110
111.0001110
000.0001000
111.1100110
111.1110100
000.1001100
000.1001100
111.0111100
000.0011100
000.0000000
111.1101010
111.0001100
111.0100000
111.0101000
111.1111010
000.0101100
111.0010100
111.0110110
000.0001110
000.1010000
111.0110110
000.0110000
000.1110000
111.1110000
111.1011010
000.0011100
000.1011110
000.0110010
111.0011000
111.1010010
000.0110010
000.1001000
111.0100100
000.0000010
000.0011100
111.1111100
000.0101010
111.0101110
111.1011000
000.1010100
000.0101010
111.0000110
000.0100100
111.1110000
000.0100000
000.1110100
000.1000000
111.1000000
000.0110110
111.0111100
111.0111010
000.1100010
000.1000110
000.0110000
111.1011010
000.1011010
111.1000000
111.1110100
000.0110110
111.1011100
000.1011110
111.0001000
000.1101000
000.1010100
111.1000110
111.1100100
000.0000000
000.1111110
111.1101110
000.0110110
000.1110100
000.0000000
111.0110110
000.1111000
000.1100010
111.1010110
111.0011000
000.0011000
000.0011110
000.1010010
111.1011000
000.1111110
111.0011110
111.0010100
111.1010110
111.1111110
111.0110100
000.1011100
000.1111000
000.1101000
000.0000000
111.0011000
111.1111000
111.1110000
111.1110000
111.0010000
000.0010000
000.1001000
000.1111000
111.0110000
000.1011000
000.0001000
000.0000000
000.0000000
000.1110000
111.1101000
111.1111000
000.0010000
111.1111000
111.1110000
000.1101000
000.0000000
111.0100000
000.0011000
000.1001000
111.0001000
111.0110000
000.0110000
111.1111000
000.1110000
111.1010000
111.0010000
111.0011000
111.1010000
000.0011000
111.1000000
000.0000000
111.1101000
000.0001000
111.0010000
000.0010000
111.0110000
000.0011000
000.0101000
000.0101000
111.0101000
111.0010000
000.1000000
000.0000000
111.1100000
000.0011000
000.0101000
111.1000000
000.1110000
111.0110000
000.0000000
000.0010000
111.0101000
111.1101000
111.1000000
111.1000000
111.0110000
000.1111000
000.1110000
111.1101000
111.0001000
111.1100000
111.0110000
111.1110000
000.0011000
111.1010000
111.0011000
111.0010000
111.0010000
111.0001000
000.1000000
111.0100000
000.1101000
111.1101000
111.1010000
000.0111000
000.1010000
000.1110000
111.1111000
000.0000000
111.1110000
000.0011000
000.0111000
000.0110000
111.1011000
000.0010000
000.1010000
111.1101000
000.1101000
111.1011000
111.1010000
111.0111000
111.0100000
111.1101000
000.0111000
000.0000000
000.1011000
111.0110000
000.1111000
111.1000000
111.1111000
000.0101000
111.1010000
111.0101000
111.1111000
000.1000000
000.1010000
111.1100000
000.0000000
000.1100000
111.1000000
000.1110000
000.1110000
111.1111000
111.1111000
000.0101000
000.1101000
000.0100000
111.1110000
000.0000000
111.1001000
111.1111000
111.1111000
111.1000000
000.1001000
000.0000000
111.0010000
000.0000000
000.1100000
000.0101000
111.1001000
000.1010000
000.1100000
111.0010000
000.0011000
000.0100000
000.1100000
000.1111000
000.0101000
000.1100000
111.0001000
111.0010000
000.0110000
000.0000000
111.0110000
111.1000000
000.1010000
111.1101000
111.1110000
111.1000000
111.1110000
000.0101000
000.1110000
111.1101000
111.1110000
000.1101000
000.0111000
000.0011000
111.1010000
000.1010000
111.1010000
000.1110000
000.0000000
000.1111000
000.0101000
111.0011000
000.1010000
000.0000000
111.0100000
000.1011000
000.0011000
111.0010000
000.0010000
000.0100000
111.1111000
000.1000000
000.1000000
000.1110000
000.1100000
111.0100000
111.0011000
000.0011000
111.0001000
000.1111000
000.0100000
111.1000000
111.0010000
111.1100000
000.0101000
111.1100000
000.0010000
000.0000000
000.0100000
111.0110000
111.1111110
111.0100100
001.0010001
001.1111010
110.1000110
111.1000101
000.1010111
000.1100010
111.0100101
000.0001000
000.0001010
111.1100110
110.0010101
000.1100010
000.0000101
001.1011110
001.1010000
111.1111010
111.1010011
000.0100111
110.1111111
001.0000111
110.0011110
111.0100111
000.1010011
000.1100100
000.1110010
000.0010001
110.0000011
110.1101011
001.0000111
001.1000011
111.1100101
000.1111110
111.0101001
110.0100011
111.1100110
001.0000010
000.1110100
001.0001101
111.1111111
001.0010111
111.1011110
000.0101110
110.0111110
110.1011001
000.1111010
111.1010011
111.0100011
111.1101111
111.1101001
001.0001010
111.0111011
110.1011101
000.0010110
001.1111010
110.1010010
111.1000100
000.1101000
111.1001100
001.0101100
001.0101101
001.1001000
000.1101000
110.1101010
110.1101010
110.0001110
110.0011100
110.0000001
000.1110100
110.0100011
001.1101110
110.1111110
110.0000011
000.0111001
000.0111000
001.0111011
001.1010111
001.1001100
110.1111010
110.1110111
111.1101111
111.1000001
000.1000000
001.0100000
001.1101000
111.1111110
111.0000011
111.0111101
110.0011000
110.1110100
111.1100111
001.1100010
110.1110111
110.1111100
110.1100100
000.1010110
110.1101010
110.0101000
000.1010100
110.1011000
111.1000111
111.0010010
111.0001001
000.1011101
110.0010000
111.0001000
001.0111011
000.1000000
110.1111100
111.1011010
001.1000000
111.1111101
001.1101001
111.1010011
110.0100111
111.1001001
000.0110101
001.1000100
110.1110000
110.0100110
110.0100011
110.1001000
001.0000111
111.1100000
000.0001011
001.1010010
000.0001100
001.0101011
110.0111111
000.0100110
001.1000100
001.1110110
000.0001110
110.1101100
111.1100101
110.1000111
111.1111101
000.1100110
001.0110101
000.0101001
000.0110101
001.0100011
110.1101011
111.1011100
001.0110100
001.0111100
000.1101011
110.1100000
111.0111000
000.0111101
001.1111011
000.0000010
110.1011001
001.0111111
111.0010011
110.1000100
111.0010100
001.0001101
110.0111001
001.0001000
110.1111011
111.0011000
111.0100110
110.1001001
000.1001011
110.1011110
001.1100111
001.1110101
111.1111110
001.0011011
111.0100101
110.0010011
111.1010000
111.0110110
000.1111001
111.1100001
000.1110011
001.1010100
001.1110010
000.0111000
000.1110111
110.1100110
001.1100100
001.1010101
111.1110000
111.0000001
000.1101110
110.0110110
001.0010010
110.0111110
110.1110101
111.1010101
001.0000000
000.1011101
001.0000110
111.1010101
001.1001100
110.1110100
001.1101011
